Date,NewPositive,NotPrevPos,PosPct,PrevPos,Tested,Tested_kumulativ
2020-01-27,       0,       1," 0,0",       0,       1,       1
2020-01-28,       0,       0," 0,0",       0,       0,       1
2020-01-29,       0,       0," 0,0",       0,       0,       1
2020-01-30,       0,       0," 0,0",       0,       0,       1
2020-01-31,       0,       0," 0,0",       0,       0,       1
2020-02-01,       0,       0," 0,0",       0,       0,       1
2020-02-02,       0,       1," 0,0",       0,       1,       2
2020-02-03,       0,       1," 0,0",       0,       1,       3
2020-02-04,       0,       0," 0,0",       0,       0,       3
2020-02-05,       0,       1," 0,0",       0,       1,       4
2020-02-06,       0,       1," 0,0",       0,       1,       5
2020-02-07,       0,       1," 0,0",       0,       1,       6
2020-02-08,       0,       0," 0,0",       0,       0,       6
2020-02-09,       0,       0," 0,0",       0,       0,       6
2020-02-10,       0,       0," 0,0",       0,       0,       6
2020-02-11,       0,       0," 0,0",       0,       0,       6
2020-02-12,       0,       2," 0,0",       0,       2,       8
2020-02-13,       0,       1," 0,0",       0,       1,       9
2020-02-14,       0,       1," 0,0",       0,       1,      10
2020-02-15,       0,       0," 0,0",       0,       0,      10
2020-02-16,       0,       0," 0,0",       0,       0,      10
2020-02-17,       0,       1," 0,0",       0,       1,      11
2020-02-18,       0,       2," 0,0",       0,       2,      13
2020-02-19,       0,       3," 0,0",       0,       3,      16
2020-02-20,       0,       2," 0,0",       0,       2,      18
2020-02-21,       0,       0," 0,0",       0,       0,      18
2020-02-22,       0,       1," 0,0",       0,       1,      19
2020-02-23,       0,       0," 0,0",       0,       0,      19
2020-02-24,       0,       1," 0,0",       0,       1,      20
2020-02-25,       0,      10," 0,0",       0,      10,      30
2020-02-26,       1,      31," 3,2",       0,      31,      61
2020-02-27,       1,     111," 0,9",       0,     111,     172
2020-02-28,       1,      61," 1,6",       0,      61,     233
2020-02-29,       0,      73," 0,0",       1,      74,     307
2020-03-01,       1,      48," 2,1",       1,      49,     356
2020-03-02,       4,      80," 5,0",       0,      80,     436
2020-03-03,       5,      62," 8,1",       1,      63,     499
2020-03-04,       3,      88," 3,4",       1,      89,     588
2020-03-05,      10,     107," 9,3",       2,     109,     697
2020-03-06,       2,     126," 1,6",       1,     127,     824
2020-03-07,       9,     105," 8,6",       3,     108,     932
2020-03-08,      48,     228,"21,1",       1,     229,   1.161
2020-03-09,     210,     575,"36,5",       3,     578,   1.739
2020-03-10,     256,     803,"31,9",       3,     806,   2.545
2020-03-11,     207,     878,"23,6",       5,     883,   3.428
2020-03-12,      44,     666," 6,6",      10,     676,   4.104
2020-03-13,      33,     706," 4,7",       4,     710,   4.814
2020-03-14,      37,     579," 6,4",       4,     583,   5.397
2020-03-15,      45,     719," 6,3",       4,     723,   6.120
2020-03-16,      74,   1.010," 7,3",       6,   1.016,   7.136
2020-03-17,      76,     935," 8,1",      13,     948,   8.084
2020-03-18,      83,   1.216," 6,8",      10,   1.226,   9.310
2020-03-19,     107,   1.834," 5,8",      15,   1.849,  11.159
2020-03-20,     103,   1.172," 8,8",       7,   1.179,  12.338
2020-03-21,      48,     597," 8,0",       5,     602,  12.940
2020-03-22,      62,     524,"11,8",       9,     533,  13.473
2020-03-23,     132,   1.119,"11,8",       6,   1.125,  14.598
2020-03-24,     139,   1.118,"12,4",       5,   1.123,  15.721
2020-03-25,     151,   1.360,"11,1",      12,   1.372,  17.093
2020-03-26,     171,   1.599,"10,7",      14,   1.613,  18.706
2020-03-27,     217,   2.096,"10,4",      14,   2.110,  20.816
2020-03-28,     200,   1.370,"14,6",      13,   1.383,  22.199
2020-03-29,     128,   1.278,"10,0",      23,   1.301,  23.500
2020-03-30,     313,   3.191," 9,8",      27,   3.218,  26.718
2020-03-31,     255,   3.193," 8,0",      17,   3.210,  29.928
2020-04-01,     282,   3.520," 8,0",      37,   3.557,  33.485
2020-04-02,     382,   5.724," 6,7",      28,   5.752,  39.237
2020-04-03,     473,   6.567," 7,2",      50,   6.617,  45.854
2020-04-04,     312,   3.677," 8,5",      20,   3.697,  49.551
2020-04-05,     158,   2.194," 7,2",      19,   2.213,  51.764
2020-04-06,     424,   6.521," 6,5",      48,   6.569,  58.333
2020-04-07,     347,   6.330," 5,5",      54,   6.384,  64.717
2020-04-08,     301,   5.577," 5,4",      55,   5.632,  70.349
2020-04-09,     140,   2.516," 5,6",      36,   2.552,  72.901
2020-04-10,     142,   2.296," 6,2",      30,   2.326,  75.227
2020-04-11,     140,   2.183," 6,4",      46,   2.229,  77.456
2020-04-12,     157,   2.108," 7,4",      35,   2.143,  79.599
2020-04-13,     156,   2.095," 7,4",      54,   2.149,  81.748
2020-04-14,     258,   6.112," 4,2",     107,   6.219,  87.967
2020-04-15,     199,   5.540," 3,6",      94,   5.634,  93.601
2020-04-16,     178,   5.243," 3,4",      89,   5.332,  98.933
2020-04-17,     168,   4.712," 3,6",      91,   4.803, 103.736
2020-04-18,     106,   2.242," 4,7",      60,   2.302, 106.038
2020-04-19,     114,   1.830," 6,2",      56,   1.886, 107.924
2020-04-20,     215,   6.555," 3,3",     115,   6.670, 114.594
2020-04-21,     202,   9.672," 2,1",     103,   9.775, 124.369
2020-04-22,     229,  11.471," 2,0",     134,  11.605, 135.974
2020-04-23,     232,  12.338," 1,9",     148,  12.486, 148.460
2020-04-24,     165,  14.694," 1,1",     125,  14.819, 163.279
2020-04-25,     136,  12.346," 1,1",      86,  12.432, 175.711
2020-04-26,     122,  10.236," 1,2",      91,  10.327, 186.038
2020-04-27,     219,  17.187," 1,3",     164,  17.351, 203.389
2020-04-28,     136,  16.123," 0,8",     144,  16.267, 219.656
2020-04-29,     140,  15.923," 0,9",     154,  16.077, 235.733
2020-04-30,     150,  15.808," 0,9",     143,  15.951, 251.684
2020-05-01,     152,  14.329," 1,1",     110,  14.439, 266.123
2020-05-02,     117,  11.067," 1,1",      79,  11.146, 277.269
2020-05-03,      78,   8.903," 0,9",      95,   8.998, 286.267
2020-05-04,     123,  17.621," 0,7",     159,  17.780, 304.047
2020-05-05,     123,  15.639," 0,8",     156,  15.795, 319.842
2020-05-06,     107,  14.167," 0,8",     161,  14.328, 334.170
2020-05-07,     124,  14.206," 0,9",     165,  14.371, 348.541
2020-05-08,      69,   8.267," 0,8",     106,   8.373, 356.914
2020-05-09,      65,   8.172," 0,8",      74,   8.246, 365.160
2020-05-10,      60,   6.622," 0,9",      65,   6.687, 371.847
2020-05-11,      79,  16.276," 0,5",     172,  16.448, 388.295
2020-05-12,      58,  14.655," 0,4",     123,  14.778, 403.073
2020-05-13,      71,  14.624," 0,5",     134,  14.758, 417.831
2020-05-14,      64,  12.901," 0,5",      94,  12.995, 430.826
2020-05-15,      91,  12.546," 0,7",     124,  12.670, 443.496
2020-05-16,      35,   7.633," 0,5",      65,   7.698, 451.194
2020-05-17,      50,   7.017," 0,7",      53,   7.070, 458.264
2020-05-18,      81,  15.129," 0,5",     152,  15.281, 473.545
2020-05-19,      63,  14.811," 0,4",     124,  14.935, 488.480
2020-05-20,      72,  14.317," 0,5",     143,  14.460, 502.940
2020-05-21,      31,   8.393," 0,4",      79,   8.472, 511.412
2020-05-22,      73,  12.192," 0,6",     113,  12.305, 523.717
2020-05-23,      36,   8.717," 0,4",      64,   8.781, 532.498
2020-05-24,      36,   8.584," 0,4",      82,   8.666, 541.164
2020-05-25,      52,  18.160," 0,3",     135,  18.295, 559.459
2020-05-26,      63,  15.874," 0,4",     101,  15.975, 575.434
2020-05-27,      52,  14.671," 0,4",     116,  14.787, 590.221
2020-05-28,      39,  13.041," 0,3",     122,  13.163, 603.384
2020-05-29,      46,  11.660," 0,4",     121,  11.781, 615.165
2020-05-30,      33,   7.109," 0,5",      69,   7.178, 622.343
2020-05-31,      22,   7.553," 0,3",      82,   7.635, 629.978
2020-06-01,      36,   8.641," 0,4",      82,   8.723, 638.701
2020-06-02,      56,  15.408," 0,4",     126,  15.534, 654.235
2020-06-03,      54,  13.336," 0,4",     122,  13.458, 667.693
2020-06-04,      42,  11.764," 0,4",     102,  11.866, 679.559
2020-06-05,      35,   9.563," 0,4",      93,   9.656, 689.215
2020-06-06,      15,   7.890," 0,2",      80,   7.970, 697.185
2020-06-07,      14,   7.688," 0,2",      57,   7.745, 704.930
2020-06-08,      46,  16.745," 0,3",     114,  16.859, 721.789
2020-06-09,      28,  15.569," 0,2",      78,  15.647, 737.436
2020-06-10,      40,  14.870," 0,3",      89,  14.959, 752.395
2020-06-11,      48,  14.476," 0,3",      71,  14.547, 766.942
2020-06-12,      60,  14.778," 0,4",      88,  14.866, 781.808
2020-06-13,      27,   9.962," 0,3",      47,  10.009, 791.817
2020-06-14,      22,   9.000," 0,2",      62,   9.062, 800.879
2020-06-15,      40,  17.607," 0,2",     106,  17.713, 818.592
2020-06-16,      46,  18.111," 0,3",      89,  18.200, 836.792
2020-06-17,      76,  19.136," 0,4",      89,  19.225, 856.017
2020-06-18,      46,  17.440," 0,3",      76,  17.516, 873.533
2020-06-19,      44,  16.903," 0,3",      83,  16.986, 890.519
2020-06-20,      38,  12.044," 0,3",      54,  12.098, 902.617
2020-06-21,      33,  11.336," 0,3",      78,  11.414, 914.031
2020-06-22,      46,  21.337," 0,2",     118,  21.455, 935.486
2020-06-23,      19,  20.812," 0,1",     101,  20.913, 956.399
2020-06-24,      45,  19.995," 0,2",      82,  20.077, 976.476
2020-06-25,      32,  16.746," 0,2",      82,  16.828, 993.304
2020-06-26,      23,  15.748," 0,1",      83,  15.831,1.009.135
2020-06-27,      19,   9.429," 0,2",      52,   9.481,1.018.616
2020-06-28,      11,   9.414," 0,1",      46,   9.460,1.028.076
2020-06-29,      30,  18.631," 0,2",      87,  18.718,1.046.794
2020-06-30,      24,  17.811," 0,1",      74,  17.885,1.064.679
2020-07-01,      12,  17.514," 0,1",      99,  17.613,1.082.292
2020-07-02,      15,  15.290," 0,1",      67,  15.357,1.097.649
2020-07-03,      18,  14.247," 0,1",      67,  14.314,1.111.963
2020-07-04,      13,   9.574," 0,1",      50,   9.624,1.121.587
2020-07-05,      11,   9.698," 0,1",      37,   9.735,1.131.322
2020-07-06,       9,  17.754," 0,1",      82,  17.836,1.149.158
2020-07-07,      13,  16.441," 0,1",      70,  16.511,1.165.669
2020-07-08,      26,  15.794," 0,2",     104,  15.898,1.181.567
2020-07-09,      41,  14.245," 0,3",      55,  14.300,1.195.867
2020-07-10,      34,  14.121," 0,2",      62,  14.183,1.210.050
2020-07-11,      24,   9.598," 0,3",      52,   9.650,1.219.700
2020-07-12,      22,   9.091," 0,2",      38,   9.129,1.228.829
2020-07-13,      33,  18.191," 0,2",      81,  18.272,1.247.101
2020-07-14,      34,  16.400," 0,2",      54,  16.454,1.263.555
2020-07-15,      43,  15.163," 0,3",      78,  15.241,1.278.796
2020-07-16,       6,   3.810," 0,2",      32,   3.842,1.282.638
2020-07-17,       0,       7," 0,0",       0,       7,1.282.645
