Date,Tested,Total tested,Confirmed,Total confirmed,Hospitalised,ICU,ICU-vent,Deaths,Total deaths
2020-01-27,1,1,0,0,,,,,
2020-01-28,0,1,0,0,,,,,
2020-01-29,1,2,0,0,,,,,
2020-01-30,0,2,0,0,,,,,
2020-01-31,0,2,0,0,,,,,
2020-02-01,0,2,0,0,,,,,
2020-02-02,1,3,0,0,,,,,
2020-02-03,1,4,0,0,,,,,
2020-02-04,0,4,0,0,,,,,
2020-02-05,1,5,0,0,,,,,
2020-02-06,1,6,0,0,,,,,
2020-02-07,1,7,0,0,,,,,
2020-02-08,0,7,0,0,,,,,
2020-02-09,0,7,0,0,,,,,
2020-02-10,0,7,0,0,,,,,
2020-02-11,0,7,0,0,,,,,
2020-02-12,2,9,0,0,,,,,
2020-02-13,1,10,0,0,,,,,
2020-02-14,1,11,0,0,,,,,
2020-02-15,0,11,0,0,,,,,
2020-02-16,0,11,0,0,,,,,
2020-02-17,1,12,0,0,,,,,
2020-02-18,2,14,0,0,,,,,
2020-02-19,3,17,0,0,,,,,
2020-02-20,2,19,0,0,,,,,
2020-02-21,0,19,0,0,,,,,
2020-02-22,1,20,0,0,,,,,
2020-02-23,0,20,0,0,,,,,
2020-02-24,1,21,0,0,,,,,
2020-02-25,10,31,0,0,,,,,
2020-02-26,31,62,1,1,,,,,
2020-02-27,111,173,1,2,,,,,
2020-02-28,61,234,1,3,,,,,
2020-02-29,74,308,0,3,,,,,
2020-03-01,49,357,1,4,,,,,
2020-03-02,80,437,4,8,,,,,
2020-03-03,63,500,5,13,,,,,
2020-03-04,89,589,3,16,,,,,
2020-03-05,109,698,10,26,,,,,
2020-03-06,127,825,2,28,,,,,
2020-03-07,108,933,9,37,,,,,
2020-03-08,229,1162,48,85,,,,,
2020-03-09,578,1740,210,295,,,,,
2020-03-10,806,2546,256,551,,,,,
2020-03-11,883,3429,207,758,,,,1,1
2020-03-12,676,4105,44,802,19,3,,0,1
2020-03-13,710,4815,33,835,23,4,,0,1
2020-03-14,583,5398,37,872,23,4,,1,2
2020-03-15,723,6121,45,917,28,2,,2,4
2020-03-16,1016,7137,74,991,62,10,0,1,5
2020-03-17,948,8085,76,1067,82,18,4,1,6
2020-03-18,1226,9311,83,1150,129,24,18,4,10
2020-03-19,1848,11159,107,1257,153,30,27,5,15
2020-03-20,1179,12338,103,1360,186,37,32,4,19
2020-03-21,602,12940,48,1408,206,42,35,3,22
2020-03-22,533,13473,62,1470,232,46,40,3,25
2020-03-23,1125,14598,132,1602,254,55,47,6,31
2020-03-24,1123,15721,139,1741,301,69,58,6,37
2020-03-25,1372,17093,151,1892,350,87,76,6,43
2020-03-26,1612,18705,171,2063,386,94,78,12,55
2020-03-27,2110,20815,217,2280,430,109,89,12,67
2020-03-28,1383,22198,200,2480,459,121,104,9,76
2020-03-29,1301,23499,128,2608,499,131,113,8,84
2020-03-30,3218,26717,313,2921,533,137,119,11,95
2020-03-31,3210,29927,255,3176,529,145,131,15,110
2020-04-01,3557,33484,282,3458,535,146,128,22,132
2020-04-02,5752,39236,382,3840,531,146,124,18,150
2020-04-03,6617,45853,473,4313,516,139,122,20,170
2020-04-04,3697,49550,312,4625,503,138,116,15,185
2020-04-05,2213,51763,158,4783,498,138,111,12,197
2020-04-06,6569,58332,424,5207,497,133,110,17,214
2020-04-07,6384,64716,347,5554,472,127,103,12,226
2020-04-08,5632,70348,301,5855,453,127,103,15,241
2020-04-09,2552,72900,140,5995,433,120,100,13,254
2020-04-10,2326,75226,142,6137,401,113,95,16,270
2020-04-11,2229,77455,140,6277,408,106,90,11,281
2020-04-12,2143,79598,157,6434,396,104,85,11,292
2020-04-13,2149,81747,156,6590,388,100,87,16,308
2020-04-14,6219,87966,258,6848,380,93,80,12,320
2020-04-15,5634,93600,199,7047,362,89,75,10,330
2020-04-16,5332,98932,178,7225,353,92,72,12,342
2020-04-17,4803,103735,168,7393,350,93,74,9,351
2020-04-18,2302,106037,106,7499,317,87,76,10,361
2020-04-19,1886,107923,114,7613,319,84,73,6,367
2020-04-20,6670,114593,215,7828,336,84,72,7,374
2020-04-21,9775,124368,202,8030,335,81,72,12,386
2020-04-22,11605,135973,229,8259,324,80,68,14,400
2020-04-23,12486,148459,232,8491,319,74,61,10,410
2020-04-24,14819,163278,165,8656,320,69,58,6,416
2020-04-25,12432,175710,136,8792,290,70,56,5,421
2020-04-26,10327,186037,122,8914,285,70,56,5,426
2020-04-27,17351,203388,219,9133,310,72,55,9,435
2020-04-28,16267,219655,136,9269,284,66,50,10,445
2020-04-29,16077,235732,140,9409,267,66,50,9,454
2020-04-30,15951,251683,150,9559,255,62,50,9,463
2020-05-01,14439,266122,152,9711,249,61,44,11,474
2020-05-02,11146,277268,117,9828,232,60,44,8,482
2020-05-03,8999,286267,78,9906,243,62,46,9,491
2020-05-04,17780,304047,123,10029,252,57,45,7,498
2020-05-05,15795,319842,123,10152,228,49,39,3,501
2020-05-06,14328,334170,107,10259,209,46,41,6,507
2020-05-07,14371,348541,124,10383,199,43,39,6,513
2020-05-08,8373,356914,69,10452,205,42,35,4,517
2020-05-09,8246,365160,65,10517,194,39,32,3,520
2020-05-10,6687,371847,60,10577,196,40,33,5,525
2020-05-11,16448,388295,79,10656,198,43,33,4,529
2020-05-12,14778,403073,58,10714,177,43,32,7,536
2020-05-13,14758,417831,71,10785,164,37,32,5,541
2020-05-14,12995,430826,64,10849,147,35,28,0,541
2020-05-15,12670,443496,91,10940,137,32,26,6,547
2020-05-16,7698,451194,35,10975,140,28,22,3,550
2020-05-17,7070,458264,50,11025,133,27,21,3,553
2020-05-18,15281,473545,81,11106,144,26,21,3,556
2020-05-19,14935,488480,63,11169,141,25,18,2,558
2020-05-20,14460,502940,72,11241,127,25,16,5,563
2020-05-21,8472,511412,31,11272,122,23,18,0,563
2020-05-22,12305,523717,73,11345,119,23,19,1,564
2020-05-23,8781,532498,36,11381,118,19,16,1,565
2020-05-24,8666,541164,36,11417,115,21,17,1,566
2020-05-25,18296,559460,52,11469,116,20,16,0,566
2020-05-26,15978,575438,63,11532,112,23,14,3,569
2020-05-27,14787,590225,52,11584,107,22,11,1,570
2020-05-28,13164,603389,39,11623,110,20,11,0,570
2020-05-29,11781,615170,46,11669,106,18,10,1,571
2020-05-30,7178,622348,33,11702,100,20,11,4,575
2020-05-31,7636,629984,22,11724,98,20,10,2,577
2020-06-01,8723,638707,36,11760,103,20,11,3,580
2020-06-02,15535,654242,56,11816,99,21,11,1,581
2020-06-03,13459,667701,54,11870,100,20,10,1,582
2020-06-04,11866,679567,42,11912,97,17,8,4,586
2020-06-05,9656,689223,35,11947,85,17,10,2,588
2020-06-06,7971,697194,15,11962,81,15,9,3,591
2020-06-07,7746,704940,14,11976,75,15,9,2,593
2020-06-08,16859,721799,46,12022,79,16,7,0,593
2020-06-09,15648,737447,28,12050,73,15,5,0,593
2020-06-10,14960,752407,40,12090,57,17,7,0,593
2020-06-11,14548,766955,48,12138,51,13,6,1,594
2020-06-12,14869,781824,60,12198,51,12,6,3,597
2020-06-13,10009,791833,27,12225,47,9,4,0,597
2020-06-14,9062,800895,22,12247,49,9,4,1,598
2020-06-15,17714,818609,40,12287,46,9,4,0,598
2020-06-16,18201,836810,46,12333,43,8,4,1,599
2020-06-17,19225,856035,76,12409,39,6,4,1,600
2020-06-18,17516,873551,46,12455,38,6,,1,601
2020-06-19,16990,890541,44,12499,37,6,,1,602
2020-06-20,12098,902639,38,12537,39,6,,1,603
2020-06-21,11415,914054,33,12570,38,6,,0,603
2020-06-22,21456,935510,46,12616,37,7,,0,603
2020-06-23,20913,956423,19,12635,32,8,,1,604
2020-06-24,20079,976502,45,12680,33,8,,0,604
2020-06-25,16830,993332,32,12712,36,9,,1,605
2020-06-26,15838,1009170,23,12735,31,11,,0,605
2020-06-27,9484,1018654,19,12754,29,,,0,605
2020-06-28,9461,1028115,11,12765,30,,,1,606
2020-06-29,18719,1046834,30,12795,35,,,0,606
2020-06-30,17885,1064719,24,12819,32,,,0,606
2020-07-01,17613,1082332,12,12831,29,11,4,0,606
2020-07-02,15361,1097693,15,12846,29,9,5,0,606
2020-07-03,14320,1112013,19,12865,27,6,4,0,606
2020-07-04,9624,1121637,13,12878,26,6,4,1,607
2020-07-05,9737,1131374,11,12889,24,6,4,0,607
2020-07-06,17841,1149215,9,12898,23,7,4,2,609
2020-07-07,16513,1165728,13,12911,17,5,4,0,609
2020-07-08,15904,1181632,26,12937,18,5,4,0,609
2020-07-09,14303,1195935,41,12978,18,5,4,0,609
2020-07-10,14187,1210122,34,13012,17,4,4,1,610
2020-07-11,9650,1219772,24,13036,15,5,4,0,610
2020-07-12,9133,1228905,22,13058,18,6,3,0,610
2020-07-13,18281,1247186,33,13091,18,6,3,0,610
2020-07-14,16717,1263903,34,13125,17,6,3,0,610
2020-07-15,16345,1280248,42,13167,,,,0,610
2020-07-16,15181,1295429,52,13219,,,,0,610
2020-07-17,14271,1309700,32,13251,,,,1,611
2020-07-18,10669,1320369,43,13294,,,,0,611
2020-07-19,10936,1331305,28,13322,,,,0,611
2020-07-20,18208,1349513,32,13354,,,,0,611
2020-07-21,16655,1366168,37,13391,18,4,2,0,611
2020-07-22,16631,1382799,35,13426,16,4,3,2,613
2020-07-23,15791,1398590,54,13480,19,3,3,0,613
2020-07-24,16107,1414697,37,13517,16,3,3,0,613
2020-07-25,11727,1426424,27,13544,17,3,3,0,613
2020-07-26,12801,1439225,24,13568,23,3,3,0,613
2020-07-27,20715,1459940,64,13632,22,3,3,0,613
2020-07-28,20377,1480317,78,13710,22,3,3,1,614
2020-07-29,20217,1500534,65,13775,21,3,3,1,615
2020-07-30,20544,1521078,84,13859,18,3,2,0,615
2020-07-31,19916,1540994,58,13917,18,3,2,1,616
2020-08-01,14298,1555292,64,13981,16,2,2,0,616
2020-08-02,15712,1571004,78,14059,20,2,2,0,616
2020-08-03,23442,1594446,113,14172,24,2,2,0,616
2020-08-04,24940,1619386,122,14294,24,3,2,0,616
2020-08-05,24875,1644261,118,14412,23,2,2,1,617
2020-08-06,26851,1671112,174,14586,24,2,2,0,617
2020-08-07,27062,1698174,143,14729,25,2,2,0,617
2020-08-08,20785,1718959,90,14819,21,2,2,1,618
2020-08-09,20929,1739888,130,14949,20,2,2,2,620
2020-08-10,30944,1770832,155,15104,23,2,2,1,621
2020-08-11,33519,1804351,136,15240,20,2,1,0,621
2020-08-12,34723,1839074,161,15401,16,1,0,0,621
2020-08-13,33670,1872744,116,15517,13,1,0,0,621
2020-08-14,32553,1905297,112,15629,14,1,0,0,621
2020-08-15,25239,1930536,127,15756,14,0,0,0,621
2020-08-16,25262,1955798,90,15846,12,0,0,0,621
2020-08-17,27375,1983173,76,15922,16,1,1,0,621
2020-08-18,7198,1990371,18,15940,18,1,1,0,621
2020-08-19,7,1990378,0,15940,,,,,
